
# Surface 0 of 1 surfaces

# Curve title: "v(x,y)"

# Contour 0, label:       10
 2.49215  1  10 
 2.48512  0.933333  10 
 2.46212  0.868737  10 
 2.46132  0.866667  10 
 2.42929  0.812471  10 
 2.41975  0.8  10 
 2.39646  0.77164  10 
 2.36364  0.74115  10 
 2.35297  0.733333  10 
 2.33081  0.714497  10 
 2.29798  0.691771  10 
 2.26515  0.673645  10 
 2.25024  0.666667  10 
 2.23232  0.656322  10 
 2.19949  0.639891  10 
 2.16667  0.625826  10 
 2.13384  0.613647  10 
 2.10101  0.603023  10 
 2.09052  0.6  10 
 2.06818  0.592175  10 
 2.03535  0.582023  10 
 2.00253  0.573131  10 
 1.9697  0.565346  10 
 1.93687  0.558546  10 
 1.90404  0.552629  10 
 1.87121  0.547518  10 
 1.83838  0.543152  10 
 1.80556  0.539487  10 
 1.77273  0.536485  10 
 1.7399  0.534118  10 
 1.72523  0.533333  10 
 1.70707  0.532169  10 
 1.67424  0.530776  10 
 1.64141  0.530083  10 
 1.60859  0.530083  10 
 1.57576  0.530776  10 
 1.54293  0.532169  10 

 1.54293  0.532169  10 
 1.52477  0.533333  10 
 1.5101  0.534118  10 
 1.47727  0.536485  10 
 1.44444  0.539487  10 
 1.41162  0.543152  10 
 1.37879  0.547518  10 
 1.34596  0.552629  10 
 1.31313  0.558546  10 
 1.2803  0.565346  10 
 1.24747  0.573131  10 
 1.21465  0.582023  10 
 1.18182  0.592175  10 
 1.15948  0.6  10 
 1.14899  0.603023  10 
 1.11616  0.613647  10 
 1.08333  0.625826  10 
 1.05051  0.639891  10 
 1.01768  0.656322  10 
 0.999759  0.666667  10 
 0.984848  0.673645  10 
 0.95202  0.691771  10 
 0.919192  0.714497  10 
 0.897027  0.733333  10 
 0.886364  0.74115  10 
 0.853535  0.77164  10 
 0.830251  0.8  10 
 0.820707  0.812471  10 
 0.788675  0.866667  10 
 0.787879  0.868737  10 
 0.764877  0.933333  10 
 0.757852  1  10 
 0.764877  1.06667  10 
 0.787879  1.13126  10 
 0.788675  1.13333  10 
 0.820707  1.18753  10 
 0.830251  1.2  10 
 0.853535  1.22836  10 
 0.886364  1.25885  10 
 0.897027  1.26667  10 
 0.919192  1.2855  10 
 0.95202  1.30823  10 
 0.984848  1.32636  10 
 0.999759  1.33333  10 
 1.01768  1.34368  10 
 1.05051  1.36011  10 
 1.08333  1.37417  10 
 1.11616  1.38635  10 
 1.14899  1.39698  10 
 1.15948  1.4  10 
 1.18182  1.40782  10 
 1.21465  1.41798  10 
 1.24747  1.42687  10 
 1.2803  1.43465  10 
 1.31313  1.44145  10 
 1.34596  1.44737  10 
 1.37879  1.45248  10 
 1.41162  1.45685  10 
 1.44444  1.46051  10 
 1.47727  1.46352  10 
 1.5101  1.46588  10 
 1.52477  1.46667  10 
 1.54293  1.46783  10 
 1.57576  1.46922  10 
 1.60859  1.46992  10 
 1.64141  1.46992  10 
 1.67424  1.46922  10 
 1.70707  1.46783  10 
 1.72523  1.46667  10 
 1.7399  1.46588  10 
 1.77273  1.46352  10 
 1.80556  1.46051  10 
 1.83838  1.45685  10 
 1.87121  1.45248  10 
 1.90404  1.44737  10 
 1.93687  1.44145  10 
 1.9697  1.43465  10 
 2.00253  1.42687  10 
 2.03535  1.41798  10 
 2.06818  1.40782  10 
 2.09052  1.4  10 
 2.10101  1.39698  10 
 2.13384  1.38635  10 
 2.16667  1.37417  10 
 2.19949  1.36011  10 
 2.23232  1.34368  10 
 2.25024  1.33333  10 
 2.26515  1.32636  10 
 2.29798  1.30823  10 
 2.33081  1.2855  10 
 2.35297  1.26667  10 
 2.36364  1.25885  10 
 2.39646  1.22836  10 
 2.41975  1.2  10 
 2.42929  1.18753  10 
 2.46132  1.13333  10 
 2.46212  1.13126  10 
 2.48512  1.06667  10 
 2.49215  1  10 


# Contour 1, label:     6.67
 1.93687  1.77294  6.67 
 1.9697  1.76544  6.67 
 2.00253  1.75697  6.67 
 2.03535  1.74746  6.67 
 2.06818  1.73682  6.67 
 2.078  1.73333  6.67 
 2.10101  1.72599  6.67 
 2.13384  1.71439  6.67 
 2.16667  1.70146  6.67 
 2.19949  1.68705  6.67 
 2.23232  1.671  6.67 
 2.24049  1.66667  6.67 
 2.26515  1.65477  6.67 
 2.29798  1.63716  6.67 
 2.33081  1.61737  6.67 
 2.35667  1.6  6.67 
 2.36364  1.59567  6.67 
 2.39646  1.57342  6.67 
 2.42929  1.54799  6.67 
 2.44641  1.53333  6.67 
 2.46212  1.52047  6.67 
 2.49495  1.49035  6.67 
 2.51774  1.46667  6.67 
 2.52778  1.45628  6.67 
 2.56061  1.41843  6.67 
 2.57492  1.4  6.67 
 2.59343  1.37475  6.67 
 2.62035  1.33333  6.67 
 2.62626  1.32303  6.67 
 2.65581  1.26667  6.67 
 2.65909  1.25885  6.67 
 2.68264  1.2  6.67 
 2.69192  1.16669  6.67 
 2.70121  1.13333  6.67 
 2.71224  1.06667  6.67 
 2.71581  1  6.67 
 2.71224  0.933333  6.67 
 2.70121  0.866667  6.67 
 2.69192  0.833311  6.67 
 2.68264  0.8  6.67 
 2.65909  0.741148  6.67 
 2.65581  0.733333  6.67 
 2.62626  0.676972  6.67 
 2.62035  0.666667  6.67 
 2.59343  0.625251  6.67 
 2.57492  0.6  6.67 
 2.56061  0.581575  6.67 
 2.52778  0.543715  6.67 
 2.51774  0.533333  6.67 
 2.49495  0.509646  6.67 
 2.46212  0.479533  6.67 
 2.44641  0.466667  6.67 
 2.42929  0.45201  6.67 
 2.39646  0.426582  6.67 
 2.36364  0.404329  6.67 
 2.35667  0.4  6.67 
 2.33081  0.382635  6.67 
 2.29798  0.362835  6.67 
 2.26515  0.345229  6.67 
 2.24049  0.333333  6.67 
 2.23232  0.329005  6.67 
 2.19949  0.312946  6.67 
 2.16667  0.298537  6.67 
 2.13384  0.285607  6.67 
 2.10101  0.274008  6.67 
 2.078  0.266667  6.67 
 2.06818  0.263177  6.67 
 2.03535  0.252539  6.67 
 2.00253  0.243028  6.67 
 1.9697  0.234561  6.67 
 1.93687  0.227062  6.67 
 1.90404  0.22047  6.67 
 1.87121  0.214731  6.67 
 1.83838  0.209798  6.67 
 1.80556  0.205636  6.67 
 1.77273  0.202211  6.67 
 1.74598  0.2  6.67 
 1.7399  0.199432  6.67 
 1.70707  0.19714  6.67 
 1.67424  0.195621  6.67 
 1.64141  0.194864  6.67 
 1.60859  0.194864  6.67 
 1.57576  0.195621  6.67 
 1.54293  0.19714  6.67 
 1.5101  0.199432  6.67 

 1.5101  0.199432  6.67 
 1.50402  0.2  6.67 
 1.47727  0.202211  6.67 
 1.44444  0.205636  6.67 
 1.41162  0.209798  6.67 
 1.37879  0.214731  6.67 
 1.34596  0.22047  6.67 
 1.31313  0.227062  6.67 
 1.2803  0.234561  6.67 
 1.24747  0.243028  6.67 
 1.21465  0.252539  6.67 
 1.18182  0.263177  6.67 
 1.172  0.266667  6.67 
 1.14899  0.274008  6.67 
 1.11616  0.285607  6.67 
 1.08333  0.298537  6.67 
 1.05051  0.312946  6.67 
 1.01768  0.329005  6.67 
 1.00951  0.333333  6.67 
 0.984848  0.345229  6.67 
 0.95202  0.362835  6.67 
 0.919192  0.382635  6.67 
 0.893329  0.4  6.67 
 0.886364  0.404329  6.67 
 0.853535  0.426582  6.67 
 0.820707  0.45201  6.67 
 0.803588  0.466667  6.67 
 0.787879  0.479533  6.67 
 0.755051  0.509646  6.67 
 0.732256  0.533333  6.67 
 0.722222  0.543715  6.67 
 0.689394  0.581575  6.67 
 0.675078  0.6  6.67 
 0.656566  0.625251  6.67 
 0.629645  0.666667  6.67 
 0.623737  0.676972  6.67 
 0.594188  0.733333  6.67 
 0.590909  0.741148  6.67 
 0.567362  0.8  6.67 
 0.558081  0.833311  6.67 
 0.548793  0.866667  6.67 
 0.537756  0.933333  6.67 
 0.53419  1  6.67 
 0.537756  1.06667  6.67 
 0.548793  1.13333  6.67 
 0.558081  1.16669  6.67 
 0.567362  1.2  6.67 
 0.590909  1.25885  6.67 
 0.594188  1.26667  6.67 
 0.623737  1.32303  6.67 
 0.629645  1.33333  6.67 
 0.656566  1.37475  6.67 
 0.675078  1.4  6.67 
 0.689394  1.41843  6.67 
 0.722222  1.45628  6.67 
 0.732256  1.46667  6.67 
 0.755051  1.49035  6.67 
 0.787879  1.52047  6.67 
 0.803588  1.53333  6.67 
 0.820707  1.54799  6.67 
 0.853535  1.57342  6.67 
 0.886364  1.59567  6.67 
 0.893329  1.6  6.67 
 0.919192  1.61737  6.67 
 0.95202  1.63716  6.67 
 0.984848  1.65477  6.67 
 1.00951  1.66667  6.67 
 1.01768  1.671  6.67 
 1.05051  1.68705  6.67 
 1.08333  1.70146  6.67 
 1.11616  1.71439  6.67 
 1.14899  1.72599  6.67 
 1.172  1.73333  6.67 
 1.18182  1.73682  6.67 
 1.21465  1.74746  6.67 
 1.24747  1.75697  6.67 
 1.2803  1.76544  6.67 
 1.31313  1.77294  6.67 
 1.34596  1.77953  6.67 
 1.37879  1.78527  6.67 
 1.41162  1.7902  6.67 
 1.44444  1.79436  6.67 
 1.47727  1.79779  6.67 
 1.50402  1.8  6.67 
 1.5101  1.80057  6.67 
 1.54293  1.80286  6.67 
 1.57576  1.80438  6.67 
 1.60859  1.80514  6.67 
 1.64141  1.80514  6.67 
 1.67424  1.80438  6.67 
 1.70707  1.80286  6.67 
 1.7399  1.80057  6.67 
 1.74598  1.8  6.67 
 1.77273  1.79779  6.67 
 1.80556  1.79436  6.67 
 1.83838  1.7902  6.67 
 1.87121  1.78527  6.67 
 1.90404  1.77953  6.67 
 1.93687  1.77294  6.67 


# Contour 2, label:        5
 2.24763  0  5 
 2.26515  0.00735279  5 
 2.29798  0.0222202  5 
 2.33081  0.0384583  5 
 2.36364  0.0561791  5 
 2.38173  0.0666667  5 
 2.39646  0.0747462  5 
 2.42929  0.0940821  5 
 2.46212  0.115263  5 
 2.48794  0.133333  5 
 2.49495  0.138041  5 
 2.52778  0.161496  5 
 2.56061  0.18733  5 
 2.57565  0.2  5 
 2.59343  0.214666  5 
 2.62626  0.243962  5 
 2.64963  0.266667  5 
 2.65909  0.275841  5 
 2.69192  0.309872  5 
 2.71272  0.333333  5 
 2.72475  0.3472  5 
 2.75758  0.387946  5 
 2.76671  0.4  5 
 2.7904  0.432933  5 
 2.81289  0.466667  5 
 2.82323  0.483464  5 
 2.85206  0.533333  5 
 2.85606  0.541085  5 
 2.88504  0.6  5 
 2.88889  0.609155  5 
 2.91236  0.666667  5 
 2.92172  0.695051  5 
 2.93422  0.733333  5 
 2.95081  0.8  5 
 2.95455  0.821336  5 
 2.9627  0.866667  5 
 2.96981  0.933333  5 
 2.97214  1  5 
 2.96981  1.06667  5 
 2.9627  1.13333  5 
 2.95455  1.17866  5 
 2.95081  1.2  5 
 2.93422  1.26667  5 
 2.92172  1.30495  5 
 2.91236  1.33333  5 
 2.88889  1.39084  5 
 2.88504  1.4  5 
 2.85606  1.45892  5 
 2.85206  1.46667  5 
 2.82323  1.51654  5 
 2.81289  1.53333  5 
 2.7904  1.56707  5 
 2.76671  1.6  5 
 2.75758  1.61205  5 
 2.72475  1.6528  5 
 2.71272  1.66667  5 
 2.69192  1.69013  5 
 2.65909  1.72416  5 
 2.64963  1.73333  5 
 2.62626  1.75604  5 
 2.59343  1.78533  5 
 2.57565  1.8  5 
 2.56061  1.81267  5 
 2.52778  1.8385  5 
 2.49495  1.86196  5 
 2.48794  1.86667  5 
 2.46212  1.88474  5 
 2.42929  1.90592  5 
 2.39646  1.92525  5 
 2.38173  1.93333  5 
 2.36364  1.94382  5 
 2.33081  1.96154  5 
 2.29798  1.97778  5 
 2.26515  1.99265  5 
 2.24763  2  5 

 1.00237  0  5 
 0.984848  0.00735279  5 
 0.95202  0.0222202  5 
 0.919192  0.0384583  5 
 0.886364  0.0561791  5 
 0.868265  0.0666667  5 
 0.853535  0.0747462  5 
 0.820707  0.0940821  5 
 0.787879  0.115263  5 
 0.762057  0.133333  5 
 0.755051  0.138041  5 
 0.722222  0.161496  5 
 0.689394  0.18733  5 
 0.674351  0.2  5 
 0.656566  0.214666  5 
 0.623737  0.243962  5 
 0.600373  0.266667  5 
 0.590909  0.275841  5 
 0.558081  0.309872  5 
 0.537283  0.333333  5 
 0.525253  0.3472  5 
 0.492424  0.387946  5 
 0.483294  0.4  5 
 0.459596  0.432933  5 
 0.437109  0.466667  5 
 0.426768  0.483464  5 
 0.397935  0.533333  5 
 0.393939  0.541085  5 
 0.364956  0.6  5 
 0.361111  0.609155  5 
 0.337644  0.666667  5 
 0.328283  0.695051  5 
 0.31578  0.733333  5 
 0.299193  0.8  5 
 0.295455  0.821336  5 
 0.2873  0.866667  5 
 0.280195  0.933333  5 
 0.277857  1  5 
 0.280195  1.06667  5 
 0.2873  1.13333  5 
 0.295455  1.17866  5 
 0.299193  1.2  5 
 0.31578  1.26667  5 
 0.328283  1.30495  5 
 0.337644  1.33333  5 
 0.361111  1.39084  5 
 0.364956  1.4  5 
 0.393939  1.45892  5 
 0.397935  1.46667  5 
 0.426768  1.51654  5 
 0.437109  1.53333  5 
 0.459596  1.56707  5 
 0.483294  1.6  5 
 0.492424  1.61205  5 
 0.525253  1.6528  5 
 0.537283  1.66667  5 
 0.558081  1.69013  5 
 0.590909  1.72416  5 
 0.600373  1.73333  5 
 0.623737  1.75604  5 
 0.656566  1.78533  5 
 0.674351  1.8  5 
 0.689394  1.81267  5 
 0.722222  1.8385  5 
 0.755051  1.86196  5 
 0.762057  1.86667  5 
 0.787879  1.88474  5 
 0.820707  1.90592  5 
 0.853535  1.92525  5 
 0.868265  1.93333  5 
 0.886364  1.94382  5 
 0.919192  1.96154  5 
 0.95202  1.97778  5 
 0.984848  1.99265  5 
 1.00237  2  5 


# Contour 3, label:        4
 2.79146  0  4 
 2.82323  0.0298557  4 
 2.85606  0.0632871  4 
 2.85926  0.0666667  4 
 2.88889  0.0983775  4 
 2.91916  0.133333  4 
 2.92172  0.136363  4 
 2.95455  0.176763  4 
 2.9723  0.2  4 
 2.98737  0.220571  4 
 3.01922  0.266667  4 
 3.0202  0.268164  4 
 3.05303  0.320299  4 
 3.06087  0.333333  4 
 3.08586  0.378258  4 
 3.09749  0.4  4 
 3.11869  0.443756  4 
 3.12947  0.466667  4 
 3.15152  0.519726  4 
 3.15706  0.533333  4 
 3.18059  0.6  4 
 3.18434  0.61264  4 
 3.20036  0.666667  4 
 3.21609  0.733333  4 
 3.21717  0.739268  4 
 3.22849  0.8  4 
 3.2372  0.866667  4 
 3.24234  0.933333  4 
 3.24405  1  4 
 3.24234  1.06667  4 
 3.2372  1.13333  4 
 3.22849  1.2  4 
 3.21717  1.26073  4 
 3.21609  1.26667  4 
 3.20036  1.33333  4 
 3.18434  1.38736  4 
 3.18059  1.4  4 
 3.15706  1.46667  4 
 3.15152  1.48027  4 
 3.12947  1.53333  4 
 3.11869  1.55624  4 
 3.09749  1.6  4 
 3.08586  1.62174  4 
 3.06087  1.66667  4 
 3.05303  1.6797  4 
 3.0202  1.73184  4 
 3.01922  1.73333  4 
 2.98737  1.77943  4 
 2.9723  1.8  4 
 2.95455  1.82324  4 
 2.92172  1.86364  4 
 2.91916  1.86667  4 
 2.88889  1.90162  4 
 2.85926  1.93333  4 
 2.85606  1.93671  4 
 2.82323  1.97014  4 
 2.79146  2  4 

 0.458544  0  4 
 0.426768  0.0298557  4 
 0.393939  0.0632871  4 
 0.390741  0.0666667  4 
 0.361111  0.0983775  4 
 0.330844  0.133333  4 
 0.328283  0.136363  4 
 0.295455  0.176763  4 
 0.277703  0.2  4 
 0.262626  0.220571  4 
 0.230775  0.266667  4 
 0.229798  0.268164  4 
 0.19697  0.320299  4 
 0.189126  0.333333  4 
 0.164141  0.378258  4 
 0.152506  0.4  4 
 0.131313  0.443756  4 
 0.120534  0.466667  4 
 0.0984848  0.519726  4 
 0.0929373  0.533333  4 
 0.0694056  0.6  4 
 0.0656566  0.61264  4 
 0.0496418  0.666667  4 
 0.0339136  0.733333  4 
 0.0328283  0.739268  4 
 0.0215085  0.8  4 
 0.0128011  0.866667  4 
 0.00765512  0.933333  4 
 0.00595307  1  4 
 0.00765512  1.06667  4 
 0.0128011  1.13333  4 
 0.0215085  1.2  4 
 0.0328283  1.26073  4 
 0.0339136  1.26667  4 
 0.0496418  1.33333  4 
 0.0656566  1.38736  4 
 0.0694056  1.4  4 
 0.0929373  1.46667  4 
 0.0984848  1.48027  4 
 0.120534  1.53333  4 
 0.131313  1.55624  4 
 0.152506  1.6  4 
 0.164141  1.62174  4 
 0.189126  1.66667  4 
 0.19697  1.6797  4 
 0.229798  1.73184  4 
 0.230775  1.73333  4 
 0.262626  1.77943  4 
 0.277703  1.8  4 
 0.295455  1.82324  4 
 0.328283  1.86364  4 
 0.330844  1.86667  4 
 0.361111  1.90162  4 
 0.390741  1.93333  4 
 0.393939  1.93671  4 
 0.426768  1.97014  4 
 0.458544  2  4 

